Price=1
Interior=1
Owned=1
PositionX=-2228.077880
PositionY=-2442.627441
PositionZ=30.468750
Locked=0.000000
Garagen=3
Garage3X=0.000000
Garage3Y=0.000000
Garage3Z=0.000000
Garage3A=0.000000
Owner=Xenia
MessageForOwner=From {FFFF00}Simon{FFFFFF}: Heyyyy Xenia :) | / | / | From {FFFF00}Simon{FFFFFF}: Test
