Price=2
Interior=2
Owned=1
PositionX=-2225.450927
PositionY=-2438.782958
PositionZ=30.468750
Locked=0.000000
Garagen=3
Garage3X=0.000000
Garage3Y=0.000000
Garage3Z=0.000000
Garage3A=0.000000
Owner=Simon
