Price=3
Interior=3
Owned=1
PositionX=-2222.077880
PositionY=-2434.627441
PositionZ=30.468750
Locked=1
Garagen=3
Garage3X=0.000000
Garage3Y=0.000000
Garage3Z=0.000000
Garage3A=0.000000
Owner=Adolf_Hitler
