Price=4
Interior=4
Owned=1
PositionX=-2218.831298
PositionY=-2430.445556
PositionZ=30.468750
Locked=0.000000
Garagen=3
Garage3X=0.000000
Garage3Y=0.000000
Garage3Z=0.000000
Garage3A=0.000000
Owner=Simon
