Price=5
Interior=5
Owned=1
PositionX=-2215.778076
PositionY=-2426.534667
PositionZ=30.468750
Locked=0.000000
Garagen=3
Garage3X=0.000000
Garage3Y=0.000000
Garage3Z=0.000000
Garage3A=0.000000
Owner=Simon
