Price=6
Interior=6
Owned=1
PositionX=-2211.109375
PositionY=-2420.357910
PositionZ=30.468750
Locked=0.000000
Garagen=3
Garage3X=0.000000
Garage3Y=0.000000
Garage3Z=0.000000
Garage3A=0.000000
Owner=Simon
