Created=1
Model=491
Pos=-1949.161,264.316,40.652,65.079
Colors=213,1
Interior=0
VirtualWorld=0
Owner=1
KeyOwner=1
NumberPlate=WANG
Value=38900
Lock=0
Paintjob=255
CheckEngine=0
Batterie=0
SpeedoColor1=255
SpeedoColor2=-1
SpeedoColor3=0
Fahrzeugstrecke=0
Kraftstoff=1.000000
Zustand=1000.000000
Trunk1=0,0
Trunk2=0,0
Trunk3=0,0
Trunk4=0,0
Trunk5=0,0
Mod0=0
Mod1=0
Mod2=0
Mod3=0
Mod4=0
Mod5=0
Mod6=0
Mod7=0
Mod8=0
Mod9=0
Mod10=0
Mod11=0
Mod12=0
Mod13=0
Objekte0=
Objekte1=
Objekte2=
Objekte3=
Objekte4=
Objekte5=
Objekte6=
Objekte7=
Objekte8=
Objekte9=
Objekte10=
Objekte11=
Objekte12=
Objekte13=
Objekte14=
