Created=2
Model=576
Pos=-2224.458,-2449.811,30.225,140.274
Colors=226,3
Interior=0
VirtualWorld=0
Owner=Simon
KeyOwner=Simon
NumberPlate=_
Value=10800
Lock=0
Paintjob=255
CheckEngine=0
Batterie=0
SpeedoColor1=16711935
SpeedoColor2=-16776961
SpeedoColor3=16711935
Fahrzeugstrecke=1297
Kraftstoff=66.000000
Zustand=810.000000
Trunk1=0,0
Trunk2=0,0
Trunk3=0,0
Trunk4=0,0
Trunk5=0,0
Mod0=1077
Mod1=1087
Mod2=1010
Mod3=1087
Mod4=0
Mod5=0
Mod6=0
Mod7=0
Mod8=0
Mod9=0
Mod10=0
Mod11=0
Mod12=0
Mod13=0
Objekte0=19917 0.000000 1.649999 -0.149999
Objekte1=
Objekte2=
Objekte3=
Objekte4=
Objekte5=
Objekte6=
Objekte7=
Objekte8=
Objekte9=
Objekte10=
Objekte11=
Objekte12=
Objekte13=
Objekte14=
