Created=2
Model=411
Pos=-2205.955,-2439.332,30.336,52.166
Colors=6,0
Interior=0
VirtualWorld=0
Owner=Simon
KeyOwner=Simon
NumberPlate=_
Value=44000
Lock=0
Paintjob=255
CheckEngine=1
Batterie=0
SpeedoColor1=-5963521
SpeedoColor2=-5963521
SpeedoColor3=-5963521
Fahrzeugstrecke=557
Kraftstoff=3.000000
Zustand=460.000000
Trunk1=0,0
Trunk2=0,0
Trunk3=0,0
Trunk4=0,0
Trunk5=0,0
Mod0=0
Mod1=0
Mod2=0
Mod3=0
Mod4=0
Mod5=1010
Mod6=0
Mod7=1074
Mod8=1086
Mod9=1087
Mod10=0
Mod11=0
Mod12=0
Mod13=0
Objekte0=
Objekte1=
Objekte2=
Objekte3=
Objekte4=
Objekte5=
Objekte6=
Objekte7=
Objekte8=
Objekte9=
Objekte10=
Objekte11=
Objekte12=
Objekte13=
Objekte14=
