Created=2
Model=518
Pos=-2232.217,-2424.166,31.114,231.619
Colors=0,0
Interior=0
VirtualWorld=0
Owner=Xenia
KeyOwner=Simon
NumberPlate=_
Value=44000
Lock=0
Paintjob=255
CheckEngine=0
Batterie=3
SpeedoColor1=255
SpeedoColor2=255
SpeedoColor3=-16776961
Fahrzeugstrecke=63
Kraftstoff=88.000000
Zustand=1000.000000
Trunk1=0,0
Trunk2=0,0
Trunk3=0,0
Trunk4=0,0
Trunk5=0,0
Mod0=0
Mod1=0
Mod2=0
Mod3=0
Mod4=0
Mod5=0
Mod6=0
Mod7=0
Mod8=0
Mod9=0
Mod10=0
Mod11=0
Mod12=0
Mod13=0
Objekte0=
Objekte1=
Objekte2=
Objekte3=
Objekte4=
Objekte5=
Objekte6=
Objekte7=
Objekte8=
Objekte9=
Objekte10=
Objekte11=
Objekte12=
Objekte13=
Objekte14=
