Created=2
Model=561
Pos=-2225.278,-2402.009,31.996,231.552
Colors=226,1
Interior=0
VirtualWorld=0
Owner=Simon
KeyOwner=Simon
NumberPlate=_
Value=25800
Lock=0
Paintjob=255
CheckEngine=0
Batterie=0
SpeedoColor1=16711935
SpeedoColor2=16711935
SpeedoColor3=10748159
Fahrzeugstrecke=46
Kraftstoff=93.000000
Zustand=1000.000000
Trunk1=38,5000
Trunk2=35,500
Trunk3=22,500
Trunk4=0,0
Trunk5=0,0
Mod0=1010
Mod1=1074
Mod2=0
Mod3=0
Mod4=0
Mod5=0
Mod6=0
Mod7=0
Mod8=0
Mod9=0
Mod10=0
Mod11=0
Mod12=0
Mod13=0
Objekte0=
Objekte1=
Objekte2=
Objekte3=
Objekte4=
Objekte5=
Objekte6=
Objekte7=
Objekte8=
Objekte9=
Objekte10=
Objekte11=
Objekte12=
Objekte13=
Objekte14=
